50
172 36 70
87 121 91
37 191 136
40 107 4
77 49 26
45 124 139
101 41 143
180 136 59
16 57 50
142 100 121
49 2 159
147 164 8
58 13 64
41 114 171
110 59 32
54 108 52
79 8 171
33 18 76
6 60 144
140 95 195
166 126 47
153 158 36
34 94 93
40 190 128
179 135 4
10 160 141
13 106 171
118 34 1
26 38 4
46 149 151
168 194 90
100 135 190
80 128 59
23 67 40
22 64 127
193 109 194
137 43 9
192 106 121
42 112 142
40 65 84
11 81 53
17 168 80
7 171 116
174 146 47
55 27 13
15 82 152
13 181 143
11 53 45
155 182 172
81 102 17