100
104 68 125
103 164 80
162 181 5
116 78 122
188 101 191
92 99 170
114 143 127
5 183 107
100 56 196
56 164 22
50 131 118
18 187 148
59 15 57
156 183 138
17 188 172
119 48 4
12 119 45
86 160 109
195 94 184
132 135 115
157 156 17
169 18 131
113 45 74
65 115 155
131 3 136
170 11 156
62 70 178
16 79 26
24 165 88
106 97 117
48 83 89
44 186 114
92 117 168
1 111 95
88 22 83
56 119 104
62 63 134
182 157 84
24 195 16
103 82 116
193 22 75
7 106 124
85 68 143
69 180 69
15 93 84
122 70 21
82 188 65
138 118 177
96 55 146
162 21 23
85 197 90
41 33 46
77 157 199
69 145 194
82 169 152
12 149 60
146 165 88
104 83 24
132 154 97
170 57 173
178 186 176
46 135 88
53 196 44
17 19 175
53 142 192
72 193 128
157 186 53
127 17 172
111 65 116
41 190 185
40 58 121
27 179 127
42 27 126
72 176 16
166 182 25
121 64 171
27 198 179
102 34 179
51 45 17
152 18 108
89 92 159
54 145 125
43 189 145
153 33 189
77 157 47
68 149 152
50 30 186
112 48 20
45 178 76
196 101 19
156 64 152
135 96 72
146 4 2
46 167 44
146 57 131
116 116 81
198 114 148
165 92 13
153 85 31
177 159 19