200
74 197 72
61 46 54
171 119 49
174 23 172
45 190 16
25 187 51
113 172 28
128 97 68
171 101 165
106 165 17
38 18 131
87 133 93
130 131 181
95 153 32
137 135 199
80 174 164
69 80 141
155 64 14
71 138 164
96 33 57
185 86 36
137 130 6
80 123 115
175 101 135
163 139 14
156 178 21
54 128 99
33 192 37
36 199 195
8 79 134
55 58 112
117 120 164
7 152 97
156 23 80
30 130 26
34 130 52
167 174 56
118 157 176
20 116 32
56 151 137
181 53 101
69 148 25
192 124 67
61 19 119
116 87 128
196 127 2
73 152 150
8 182 76
26 175 64
38 64 86
161 173 180
48 175 21
28 29 17
134 68 80
198 94 180
94 81 113
142 50 2
113 158 183
122 5 142
20 128 166
136 187 82
43 95 0
188 15 152
144 131 73
165 96 108
123 44 67
119 75 104
152 118 11
25 153 23
159 180 71
12 6 166
87 164 175
199 176 30
114 107 53
69 23 65
29 199 4
25 85 184
164 86 58
192 101 161
173 6 72
51 45 39
114 134 55
181 148 150
157 79 113
18 155 130
159 166 36
75 191 17
193 35 176
148 136 40
152 98 3
136 85 169
1 67 44
199 185 53
92 144 25
136 142 27
33 124 183
175 61 163
193 79 189
78 32 199
113 17 145
50 141 172
181 86 178
120 117 17
116 173 56
52 108 5
96 185 5
35 21 36
19 113 133
178 165 70
118 21 104
113 18 129
154 190 61
30 140 171
58 153 152
153 134 97
155 170 168
102 194 11
35 67 51
101 161 47
52 111 114
18 11 94
143 12 81
14 150 165
141 55 59
48 145 88
138 46 38
32 52 146
14 6 104
63 75 93
88 185 93
62 191 151
24 157 28
146 145 56
100 135 23
167 100 35
179 103 194
118 123 67
128 179 41
126 74 104
182 178 194
155 23 140
69 91 172
66 139 30
45 18 186
4 153 105
148 115 11
124 13 38
162 123 155
123 86 46
97 150 172
159 192 89
14 141 181
29 101 92
134 35 79
135 151 49
188 52 28
107 28 83
144 14 46
30 63 149
59 98 93
15 13 13
83 16 73
176 59 27
26 96 173
33 4 106
194 9 77
166 67 3
174 181 22
182 195 93
71 188 172
119 92 26
185 115 150
23 186 35
44 126 142
137 65 199
99 98 103
160 165 116
85 126 170
130 95 151
182 21 6
101 138 134
187 144 119
64 69 43
119 136 65
191 119 88
78 20 97
190 38 145
14 119 130
43 47 8
146 188 101
30 101 39
173 5 199
159 65 16
159 109 164
159 22 118
28 43 62
40 15 123
195 70 169
189 165 126
144 93 116
